Date,Open,High,Low,Close,Volume,Dividends,Stock Splits
2020-01-15,11.010000228881836,11.069999694824219,10.84000015258789,10.970000267028809,13842300,0,0
2020-01-16,10.729999542236328,10.760000228881836,10.520000457763672,10.579999923706055,12446400,0,0
2020-01-17,10.5600004196167,10.90999984741211,10.539999961853027,10.619999885559082,12949300,0,0
2020-01-21,10.819999694824219,10.84000015258789,10.399999618530273,10.739999771118164,16445900,0,0
2020-01-22,10.449999809265137,10.859999656677246,10.4399995803833,10.829999923706055,13941100,0,0
2020-01-23,11.09000015258789,11.380000114440918,10.75,10.760000228881836,17442600,0,0
2020-01-24,10.550000190734863,12.0600004196167,10.489999771118164,11.720000267028809,39095500,0,0
2020-01-27,13.229999542236328,13.550000190734863,12.789999961853027,13.550000190734863,41665200,0,0
2020-01-28,13.0600004196167,13.1899995803833,12.270000457763672,12.380000114440918,24530800,0,0
2020-01-29,12.039999961853027,12.699999809265137,11.880000114440918,12.399999618530273,17833300,0,0
2020-01-30,13.130000114440918,13.520000457763672,12.09000015258789,12.100000381469727,34640200,0,0
2020-01-31,12.550000190734863,14.6899995803833,12.470000267028809,14.100000381469727,46439100,0,0
2020-02-03,13.550000190734863,13.84000015258789,12.829999923706055,13.399999618530273,20846100,0,0
2020-02-04,12.470000267028809,12.550000190734863,12.020000457763672,12.3100004196167,17641600,0,0
2020-02-05,11.640000343322754,12.180000305175781,11.550000190734863,11.59000015258789,12367900,0,0
2020-02-06,11.390000343322754,11.739999771118164,11.289999961853027,11.390000343322754,11968100,0,0
2020-02-07,11.800000190734863,12.079999923706055,11.460000038146973,11.619999885559082,18586100,0,0
2020-02-10,11.859999656677246,11.880000114440918,11.329999923706055,11.430000305175781,10500600,0,0
2020-02-11,11.119999885559082,11.479999542236328,11.029999732971191,11.449999809265137,13220700,0,0
2020-02-12,11.09000015258789,11.199999809265137,10.529999732971191,10.59000015258789,16579400,0,0
2020-02-13,11.100000381469727,11.199999809265137,10.699999809265137,10.899999618530273,15144700,0,0
2020-02-14,10.729999542236328,11.039999961853027,10.640000343322754,10.6899995803833,12991500,0,0
2020-02-18,10.9399995803833,11.279999732971191,10.75,10.960000038146973,15636400,0,0
2020-02-19,10.640000343322754,10.84000015258789,10.550000190734863,10.720000267028809,8945100,0,0
2020-02-20,10.789999961853027,11.829999923706055,10.65999984741211,11.270000457763672,29828600,0,0
2020-02-21,11.819999694824219,12.800000190734863,11.670000076293945,12.34000015258789,35823400,0,0
2020-02-24,15.119999885559082,15.850000381469727,14.130000114440918,15.720000267028809,53367800,0,0
2020-02-25,14.930000305175781,18.700000762939453,14.8100004196167,17.940000534057617,60929200,0,0
2020-02-26,17.170000076293945,18.43000030517578,16.260000228881836,17.420000076293945,50332900,0,0
2020-02-27,19.799999237060547,21.709999084472656,19.079999923706055,21.709999084472656,77644600,0,0
2020-02-28,25.420000076293945,26.170000076293945,22.100000381469727,22.920000076293945,55948000,0,0
2020-03-02,22.190000534057617,24.100000381469727,21.600000381469727,21.690000534057617,49879200,0,0
2020-03-03,21.729999542236328,26.270000457763672,20.360000610351562,25.489999771118164,65387200,0,0
2020-03-04,23.700000762939453,25.110000610351562,22.700000762939453,23.25,28146500,0,0
2020-03-05,26.389999389648438,30.18000030517578,25.59000015258789,28.709999084472656,29727300,0,0
2020-03-06,36.68000030517578,38.310001373291016,32.779998779296875,33.45000076293945,49997100,0,0
2020-03-09,52.040000915527344,52.900001525878906,42.849998474121094,45.77000045776367,25753200,0,0
2020-03-10,38.91999816894531,46.31999969482422,38.29999923706055,40.45000076293945,27505500,0,0
2020-03-11,45.560001373291016,50.31999969482422,44.7400016784668,48.220001220703125,25486800,0,0
2020-03-12,61.20000076293945,68.0,54.2400016784668,65.0199966430664,32061700,0,0
2020-03-13,55.0,69.80000305175781,54.68000030517578,57.2400016784668,28028400,0,0
2020-03-16,79.0,94.5,73.69999694824219,90.13999938964844,19990800,0,0
2020-03-17,85.0,96.80000305175781,78.0,87.2300033569336,21166200,0,0
2020-03-18,104.56999969482422,135.0,95.33000183105469,110.62999725341797,20936800,0,0
2020-03-19,121.20999908447266,130.22999572753906,79.81999969482422,94.08999633789062,21728300,0,0
2020-03-20,87.87999725341797,97.12999725341797,72.33000183105469,91.11000061035156,17896300,0,0
2020-03-23,83.0,88.48999786376953,65.58000183105469,69.93000030517578,13614800,0,0
2020-03-24,50.59000015258789,62.470001220703125,46.09000015258789,60.400001525878906,13769300,0,0
2020-03-25,63.0,72.0199966430664,62.29999923706055,68.0,11370100,0,0
2020-03-26,65.05999755859375,66.2300033569336,58.0,59.18000030517578,10104300,0,0
2020-03-27,66.72000122070312,67.62999725341797,63.22999954223633,66.7699966430664,10221400,0,0
2020-03-30,66.5199966430664,69.83000183105469,63.22999954223633,63.41999816894531,12597300,0,0
2020-03-31,63.900001525878906,64.45999908447266,57.06999969482422,58.560001373291016,12725200,0,0
2020-04-01,64.5,67.4000015258789,60.15999984741211,65.93000030517578,9186200,0,0
2020-04-02,64.69999694824219,66.41999816894531,60.11000061035156,60.40999984741211,11557600,0,0
2020-04-03,59.68000030517578,61.29999923706055,55.86000061035156,56.59000015258789,13515100,0,0
2020-04-06,50.72999954223633,52.279998779296875,49.349998474121094,50.599998474121094,8006100,0,0
2020-04-07,48.439998626708984,53.27000045776367,48.09000015258789,52.70000076293945,11993200,0,0
2020-04-08,51.959999084472656,53.380001068115234,50.06999969482422,50.959999084472656,11561700,0,0
2020-04-09,50.599998474121094,51.81999969482422,49.08000183105469,49.470001220703125,15075000,0,0
2020-04-13,49.0099983215332,50.900001525878906,47.75,47.79999923706055,10174800,0,0
2020-04-14,43.77000045776367,44.209999084472656,41.380001068115234,42.099998474121094,7047100,0,0
2020-04-15,46.29999923706055,48.779998779296875,45.2400016784668,47.220001220703125,8214200,0,0
2020-04-16,47.599998474121094,49.7400016784668,46.93000030517578,47.529998779296875,10100800,0,0
2020-04-17,44.79999923706055,47.06999969482422,44.2599983215332,44.650001525878906,10567200,0,0
2020-04-20,48.18000030517578,51.369998931884766,46.5,51.2599983215332,9077500,0,0
2020-04-21,56.70000076293945,60.650001525878906,56.27000045776367,57.439998626708984,10273600,0,0
2020-04-22,54.56999969482422,55.900001525878906,52.470001220703125,53.380001068115234,6727400,0,0
2020-04-23,52.29999923706055,54.63999938964844,50.689998626708984,53.099998474121094,8943400,0,0
2020-04-24,51.619998931884766,52.65999984741211,48.439998626708984,48.70000076293945,9473900,0,0
2020-04-27,46.56999969482422,46.65999984741211,42.189998626708984,43.099998474121094,8139600,0,0
2020-04-28,40.91999816894531,44.939998626708984,40.59000015258789,44.18000030517578,8799500,0,0
2020-04-29,40.459999084472656,40.650001525878906,38.709999084472656,40.119998931884766,5629000,0,0
2020-04-30,41.310001373291016,44.220001220703125,41.310001373291016,41.93000030517578,6969500,0,0
2020-05-01,47.25,49.029998779296875,46.040000915527344,47.599998474121094,9907100,0,0
2020-05-04,50.0,50.68000030517578,45.779998779296875,45.97999954223633,6840800,0,0
2020-05-05,43.459999084472656,43.650001525878906,41.310001373291016,43.18000030517578,6620700,0,0
2020-05-06,42.04999923706055,44.16999816894531,41.529998779296875,44.04999923706055,6145200,0,0
2020-05-07,41.77000045776367,42.18000030517578,40.619998931884766,41.27000045776367,6874300,0,0
2020-05-08,39.439998626708984,39.900001525878906,37.0,37.04999923706055,8207800,0,0
2020-05-11,38.29999923706055,38.56999969482422,33.08000183105469,33.33000183105469,7899800,0,0
2020-05-12,31.760000228881836,38.400001525878906,31.420000076293945,38.400001525878906,10530800,0,0
2020-05-13,38.869998931884766,46.709999084472656,37.68000030517578,44.060001373291016,25125300,0,0
2020-05-14,47.47999954223633,49.630001068115234,40.75,40.75,23006900,0,0
2020-05-15,43.58000183105469,44.61000061035156,39.189998626708984,39.22999954223633,15267700,0,0
2020-05-18,35.290000915527344,36.43000030517578,34.65999984741211,35.439998626708984,6901700,0,0
2020-05-19,35.650001525878906,38.16999816894531,34.4900016784668,38.0,9122800,0,0
2020-05-20,35.38999938964844,36.560001373291016,34.349998474121094,34.5,13392100,0,0
2020-05-21,34.540000915527344,36.91999816894531,33.83000183105469,35.709999084472656,14251400,0,0
2020-05-22,36.209999084472656,37.09000015258789,35.119998931884766,35.279998779296875,9702000,0,0
2020-05-26,32.79999923706055,34.970001220703125,32.68000030517578,34.65999984741211,11884700,0,0
2020-05-27,33.29999923706055,36.849998474121094,33.11000061035156,33.459999084472656,17508200,0,0
2020-05-28,34.02000045776367,35.97999954223633,33.470001220703125,35.380001068115234,11953000,0,0
2020-05-29,35.709999084472656,36.849998474121094,33.529998779296875,33.56999969482422,15695900,0,0
2020-06-01,34.779998779296875,35.0,33.540000915527344,33.849998474121094,8584400,0,0
2020-06-02,33.599998474121094,34.220001220703125,32.40999984741211,32.4900016784668,12217800,0,0
2020-06-03,31.469999313354492,31.739999771118164,30.139999389648438,30.399999618530273,13259900,0,0
2020-06-04,30.6200008392334,31.06999969482422,28.65999984741211,29.979999542236328,12857100,0,0
2020-06-05,27.239999771118164,28.139999389648438,27.040000915527344,27.549999237060547,11436700,0,0
2020-06-08,27.43000030517578,28.860000610351562,27.239999771118164,28.469999313354492,8074100,0,0
2020-06-09,29.68000030517578,30.8799991607666,29.3700008392334,30.59000015258789,11013600,0,0
2020-06-10,30.8799991607666,31.739999771118164,28.520000457763672,30.34000015258789,13754700,0,0
2020-06-11,35.33000183105469,46.650001525878906,33.2400016784668,45.560001373291016,40297200,0,0
2020-06-12,39.95000076293945,51.0,38.29999923706055,40.459999084472656,37208700,0,0
2020-06-15,45.79999923706055,47.959999084472656,38.27000045776367,38.79999923706055,21318700,0,0
2020-06-16,35.0,40.75,34.630001068115234,37.689998626708984,22604600,0,0
2020-06-17,37.08000183105469,39.25,36.81999969482422,37.529998779296875,14916100,0,0
2020-06-18,38.52000045776367,39.130001068115234,36.61000061035156,36.689998626708984,14414500,0,0
2020-06-19,35.27000045776367,39.41999816894531,34.880001068115234,37.5,23513900,0,0
2020-06-22,37.880001068115234,38.650001525878906,34.5,34.720001220703125,22216500,0,0
2020-06-23,32.33000183105469,34.08000183105469,32.20000076293945,33.619998931884766,21028100,0,0
2020-06-24,35.5099983215332,39.41999816894531,34.040000915527344,37.09000015258789,50178200,0,0
2020-06-25,38.0099983215332,39.13999938964844,34.84000015258789,34.900001525878906,34573900,0,0
2020-06-26,35.04999923706055,38.75,34.93000030517578,38.13999938964844,36538900,0,0
2020-06-29,37.20000076293945,39.040000915527344,35.29999923706055,35.380001068115234,27553500,0,0
2020-06-30,35.81999969482422,35.97999954223633,32.27000045776367,32.77000045776367,25382500,0,0
2020-07-01,31.90999984741211,32.75,30.93000030517578,31.309999465942383,24897100,0,0
2020-07-02,29.350000381469727,30.790000915527344,28.610000610351562,30.3700008392334,29272300,0,0
2020-07-06,28.93000030517578,30.90999984741211,28.84000015258789,30.360000610351562,21765500,0,0
2020-07-07,30.799999237060547,32.09000015258789,29.530000686645508,31.950000762939453,24862500,0,0
2020-07-08,31.15999984741211,32.779998779296875,30.6200008392334,30.729999542236328,31503000,0,0
2020-07-09,30.799999237060547,33.52000045776367,30.440000534057617,31.5,50540800,0,0
2020-07-10,31.760000228881836,32.779998779296875,30.139999389648438,30.229999542236328,30409300,0,0
2020-07-13,29.649999618530273,34.689998626708984,29.579999923706055,34.560001373291016,44412000,0,0
2020-07-14,34.52000045776367,35.619998931884766,31.389999389648438,31.530000686645508,61023100,0,0
2020-07-15,30.06999969482422,32.18000030517578,30.010000228881836,30.229999542236328,39631600,0,0
2020-07-16,31.170000076293945,31.290000915527344,29.25,29.5,29847400,0,0
2020-07-17,29.030000686645508,29.440000534057617,27.809999465942383,27.950000762939453,23019700,0,0
2020-07-20,27.360000610351562,27.549999237060547,25.280000686645508,25.950000762939453,27164300,0,0
2020-07-21,24.93000030517578,26.780000686645508,24.530000686645508,26.299999237060547,34626500,0,0
2020-07-22,26.56999969482422,27.110000610351562,25.799999237060547,25.81999969482422,27148300,0,0
2020-07-23,25.479999542236328,27.850000381469727,25.239999771118164,27.06999969482422,49052500,0,0
2020-07-24,28.34000015258789,28.93000030517578,27.15999984741211,27.25,47473100,0,0
2020-07-27,26.670000076293945,27.229999542236328,25.940000534057617,25.969999313354492,24970300,0,0
2020-07-28,26.059999465942383,26.3700008392334,24.600000381469727,25.81999969482422,29827200,0,0
2020-07-29,25.239999771118164,25.739999771118164,24.829999923706055,25.030000686645508,18932100,0,0
2020-07-30,26.709999084472656,28.559999465942383,25.59000015258789,25.889999389648438,42464200,0,0
2020-07-31,24.8799991607666,26.84000015258789,24.799999237060547,25.049999237060547,40219900,0,0
2020-08-03,24.670000076293945,25.260000228881836,24.40999984741211,24.850000381469727,22050200,0,0
2020-08-04,24.729999542236328,24.729999542236328,23.670000076293945,23.770000457763672,23766700,0,0
2020-08-05,23.200000762939453,23.649999618530273,22.90999984741211,23.0,18538600,0,0
2020-08-06,23.1200008392334,23.3799991607666,22.510000228881836,22.670000076293945,23112900,0,0
2020-08-07,23.059999465942383,23.149999618530273,22.059999465942383,22.43000030517578,29919600,0,0
2020-08-10,21.889999389648438,22.389999389648438,21.270000457763672,21.43000030517578,24059600,0,0
2020-08-11,20.600000381469727,23.1200008392334,20.479999542236328,22.899999618530273,37632300,0,0
2020-08-12,21.56999969482422,21.700000762939453,20.780000686645508,21.059999465942383,26216700,0,0
2020-08-13,21.219999313354492,21.459999084472656,20.290000915527344,21.030000686645508,28583400,0,0
2020-08-14,21.309999465942383,21.579999923706055,20.81999969482422,20.989999771118164,27196700,0,0
2020-08-17,20.299999237060547,20.540000915527344,19.709999084472656,19.90999984741211,19971500,0,0
2020-08-18,19.639999389648438,20.329999923706055,19.31999969482422,19.579999923706055,22852700,0,0
2020-08-19,19.34000015258789,20.31999969482422,19.149999618530273,20.139999389648438,35061700,0,0
2020-08-20,21.290000915527344,21.420000076293945,19.670000076293945,19.81999969482422,32646500,0,0
2020-08-21,20.31999969482422,20.450000762939453,19.780000686645508,19.920000076293945,27482600,0,0
2020-08-24,19.09000015258789,20.1299991607666,19.040000915527344,19.799999237060547,24983000,0,0
2020-08-25,19.950000762939453,20.790000915527344,19.459999084472656,19.65999984741211,27572400,0,0
2020-08-26,19.469999313354492,20.479999542236328,18.75,20.309999465942383,29100800,0,0
2020-08-27,20.0,23.690000534057617,19.700000762939453,21.229999542236328,73365600,0,0
2020-08-28,21.639999389648438,22.979999542236328,20.600000381469727,21.110000610351562,50204700,0,0
2020-08-31,21.93000030517578,22.950000762939453,21.219999313354492,22.649999618530273,41189100,0,0
2020-09-01,22.670000076293945,23.440000534057617,22.399999618530273,23.239999771118164,34285700,0,0
2020-09-02,23.149999618530273,24.389999389648438,23.020000457763672,24.079999923706055,42972600,0,0
2020-09-03,24.510000228881836,30.280000686645508,23.229999542236328,28.899999618530273,135998900,0,0
2020-09-04,27.920000076293945,32.18000030517578,24.56999969482422,25.299999237060547,129374600,0,0
2020-09-08,28.200000762939453,28.469999313354492,24.149999618530273,24.31999969482422,56407200,0,0
2020-09-09,23.34000015258789,23.719999313354492,21.799999237060547,22.440000534057617,45746300,0,0
2020-09-10,22.1200008392334,23.600000381469727,21.829999923706055,22.780000686645508,54363400,0,0
2020-09-11,21.860000610351562,22.850000381469727,20.760000228881836,20.799999237060547,59861300,0,0
2020-09-14,20.389999389648438,20.700000762939453,19.799999237060547,20.229999542236328,32343200,0,0
2020-09-15,19.959999084472656,20.739999771118164,19.790000915527344,20.190000534057617,31805700,0,0
2020-09-16,19.979999542236328,20.110000610351562,19.280000686645508,20.059999465942383,42531200,0,0
2020-09-17,21.010000228881836,21.100000381469727,19.270000457763672,19.450000762939453,47315900,0,0
2020-09-18,19.18000030517578,20.100000381469727,18.549999237060547,19.40999984741211,45470800,0,0
2020-09-21,20.56999969482422,22.09000015258789,20.170000076293945,20.299999237060547,54634400,0,0
2020-09-22,20.260000228881836,21.3799991607666,20.260000228881836,20.549999237060547,26687500,0,0
2020-09-23,20.440000534057617,22.219999313354492,20.299999237060547,22.209999084472656,37766500,0,0
2020-09-24,22.18000030517578,22.59000015258789,21.010000228881836,21.600000381469727,38373000,0,0
2020-09-25,21.579999923706055,21.84000015258789,20.579999923706055,20.780000686645508,27147200,0,0
2020-09-28,20.510000228881836,20.889999389648438,20.420000076293945,20.649999618530273,18547600,0,0
2020-09-29,20.700000762939453,20.709999084472656,19.56999969482422,20.030000686645508,29955500,0,0
2020-09-30,19.6299991607666,20.280000686645508,19.25,19.920000076293945,31425000,0,0
2020-10-01,19.639999389648438,20.56999969482422,19.6200008392334,20.110000610351562,23409000,0,0
2020-10-02,21.649999618530273,21.760000228881836,20.450000762939453,21.030000686645508,43572200,0,0
2020-10-05,20.719999313354492,21.040000915527344,19.799999237060547,20.030000686645508,20667700,0,0
2020-10-06,19.770000457763672,20.729999542236328,19.229999542236328,20.40999984741211,40618200,0,0
2020-10-07,19.850000381469727,19.989999771118164,19.260000228881836,19.459999084472656,24140300,0,0
2020-10-08,19.1299991607666,19.290000915527344,18.239999771118164,18.329999923706055,33402400,0,0
2020-10-09,17.440000534057617,17.489999771118164,16.860000610351562,16.889999389648438,33258100,0,0
2020-10-12,16.420000076293945,16.860000610351562,16.299999237060547,16.389999389648438,22250900,0,0
2020-10-13,16.670000076293945,17.200000762939453,16.489999771118164,16.670000076293945,27907200,0,0
2020-10-14,16.479999542236328,16.84000015258789,16.059999465942383,16.440000534057617,32299300,0,0
2020-10-15,17.520000457763672,17.75,16.579999923706055,16.670000076293945,33842000,0,0
2020-10-16,16.6200008392334,16.829999923706055,16.25,16.790000915527344,21694100,0,0
2020-10-19,16.700000762939453,18.100000381469727,16.639999389648438,17.93000030517578,35907000,0,0
2020-10-20,17.75,18.079999923706055,17.510000228881836,17.899999618530273,28551600,0,0
2020-10-21,17.770000457763672,18.1200008392334,17.110000610351562,17.270000457763672,31359100,0,0
2020-10-22,17.229999542236328,17.469999313354492,16.440000534057617,16.68000030517578,24574800,0,0
2020-10-23,16.600000381469727,17.270000457763672,16.540000915527344,16.719999313354492,20279500,0,0
2020-10-26,17.309999465942383,19.399999618530273,17.049999237060547,18.989999771118164,62410700,0,0
2020-10-27,18.969999313354492,19.559999465942383,18.469999313354492,19.06999969482422,37536700,0,0
2020-10-28,21.229999542236328,23.200000762939453,20.850000381469727,23.139999389648438,94240700,0,0
2020-10-29,22.459999084472656,23.1299991607666,19.68000030517578,20.68000030517578,56381100,0,0
2020-10-30,21.209999084472656,22.219999313354492,20.739999771118164,21.579999923706055,58263200,0,0
2020-11-02,20.1299991607666,21.360000610351562,20.059999465942383,20.8799991607666,51415700,0,0
2020-11-03,19.969999313354492,20.15999984741211,18.790000915527344,19.18000030517578,50097700,0,0
2020-11-04,18.0,18.049999237060547,16.5,16.670000076293945,55513700,0,0
2020-11-05,15.890000343322754,16.530000686645508,15.649999618530273,16.209999084472656,33461500,0,0
2020-11-06,16.010000228881836,16.079999923706055,14.630000114440918,14.670000076293945,53209600,0,0
2020-11-09,13.140000343322754,14.180000305175781,12.180000305175781,14.180000305175781,54605600,0,0
2020-11-10,13.630000114440918,14.399999618530273,13.449999809265137,13.489999771118164,36231600,0,0
2020-11-11,13.180000305175781,13.4399995803833,12.640000343322754,13.0600004196167,34220400,0,0
2020-11-12,13.300000190734863,14.819999694824219,13.09000015258789,14.369999885559082,68251200,0,0
2020-11-13,13.65999984741211,13.65999984741211,12.729999542236328,13.050000190734863,43994400,0,0
2020-11-16,12.550000190734863,13.279999732971191,12.539999961853027,12.600000381469727,32581500,0,0
2020-11-17,12.949999809265137,13.069999694824219,12.229999542236328,12.25,40709900,0,0
2020-11-18,12.069999694824219,12.960000038146973,11.880000114440918,12.880000114440918,45074800,0,0
2020-11-19,12.739999771118164,13.029999732971191,12.279999732971191,12.600000381469727,35587300,0,0
2020-11-20,12.579999923706055,12.630000114440918,12.1899995803833,12.510000228881836,36053700,0,0
2020-11-23,12.289999961853027,12.680000305175781,12.0,12.300000190734863,37871000,0,0
2020-11-24,11.930000305175781,12.300000190734863,11.899999618530273,11.989999771118164,32517700,0,0
2020-11-25,12.039999961853027,12.25,11.300000190734863,11.300000190734863,39466600,0,0
2020-11-27,11.1899995803833,11.579999923706055,11.050000190734863,11.4399995803833,18787400,0,0
2020-11-30,11.550000190734863,12.100000381469727,11.109999656677246,11.149999618530273,44806800,0,0
2020-12-01,11.0,11.350000381469727,10.859999656677246,11.289999961853027,41188700,0,0
2020-12-02,11.319999694824219,11.329999923706055,10.84000015258789,11.1899995803833,36902100,0,0
2020-12-03,11.0,11.5,10.949999809265137,11.350000381469727,28192300,0,0
2020-12-04,11.140000343322754,11.15999984741211,10.899999618530273,11.0600004196167,28186600,0,0
2020-12-07,11.220000267028809,11.319999694824219,11.069999694824219,11.119999885559082,25585000,0,0
2020-12-08,11.270000457763672,11.300000190734863,10.550000190734863,10.569999694824219,32992200,0,0
2020-12-09,10.380000114440918,11.279999732971191,10.260000228881836,11.140000343322754,69356500,0,0
2020-12-10,11.260000228881836,11.399999618530273,10.829999923706055,11.279999732971191,46242000,0,0
2020-12-11,11.699999809265137,12.380000114440918,11.449999809265137,11.9399995803833,62546500,0,0
2020-12-14,11.319999694824219,12.359999656677246,11.180000305175781,12.359999656677246,39200200,0,0
2020-12-15,11.899999618530273,12.119999885559082,11.449999809265137,11.479999542236328,37646600,0,0
2020-12-16,11.449999809265137,11.609999656677246,10.899999618530273,10.90999984741211,30307900,0,0
2020-12-17,10.949999809265137,11.029999732971191,10.539999961853027,10.680000305175781,33587300,0,0
2020-12-18,10.8100004196167,11.470000267028809,10.800000190734863,11.020000457763672,47071800,0,0
2020-12-21,12.640000343322754,13.300000190734863,11.930000305175781,12.25,84754100,0,0
2020-12-22,12.079999923706055,12.34000015258789,11.880000114440918,11.970000267028809,38290500,0,0
2020-12-23,11.600000381469727,11.630000114440918,10.930000305175781,11.260000228881836,42879700,0,0
2020-12-24,11.010000228881836,11.020000457763672,10.760000228881836,10.760000228881836,20490400,0,0
2020-12-28,10.520000457763672,10.720000267028809,10.449999809265137,10.6899995803833,24257900,0,0
2020-12-29,10.479999542236328,11.600000381469727,10.460000038146973,11.279999732971191,55958500,0,0
2020-12-30,11.199999809265137,11.279999732971191,10.609999656677246,10.699999809265137,41177600,0,0
2020-12-31,10.649999618530273,10.920000076293945,10.350000381469727,10.649999618530273,44895200,0,0
2021-01-04,10.640000343322754,12.569999694824219,10.619999885559082,12.029999732971191,108766800,0,0
2021-01-05,12.479999542236328,12.489999771118164,11.300000190734863,11.470000267028809,71282300,0,0
2021-01-06,11.279999732971191,11.789999961853027,10.380000114440918,11.350000381469727,132643500,0,0
2021-01-07,10.619999885559082,10.710000038146973,10.34000015258789,10.350000381469727,63126100,0,0
2021-01-08,10.25,10.75,10.100000381469727,10.210000038146973,75704900,0,0
2021-01-11,10.770000457763672,11.180000305175781,10.520000457763672,11.09000015258789,68085200,0,0
2021-01-12,10.739999771118164,11.229999542236328,10.510000228881836,10.569999694824219,58206300,0,0
2021-01-13,10.5600004196167,10.670000076293945,10.180000305175781,10.319999694824219,57336700,0,0
2021-01-14,10.180000305175781,10.579999923706055,10.0,10.489999771118164,53094500,0,0
2021-01-15,10.710000038146973,11.270000457763672,10.5,10.899999618530273,91727600,0,0
2021-01-19,10.479999542236328,10.729999542236328,10.34000015258789,10.420000076293945,55517400,0,0
2021-01-20,10.229999542236328,10.460000038146973,10.050000190734863,10.130000114440918,63170100,0,0
2021-01-21,10.140000343322754,10.390000343322754,10.0,10.0,60257100,0,0
2021-01-22,10.380000114440918,10.460000038146973,10.029999732971191,10.1899995803833,62853100,0,0
2021-01-25,10.359999656677246,11.489999771118164,10.25,10.850000381469727,116371300,0,0
2021-01-26,10.550000190734863,10.6899995803833,10.260000228881836,10.550000190734863,68142400,0,0
2021-01-27,11.399999618530273,14.149999618530273,11.369999885559082,13.869999885559082,186614000,0,0
2021-01-28,12.949999809265137,13.880000114440918,12.380000114440918,13.4399995803833,104512700,0,0
2021-01-29,13.890000343322754,15.369999885559082,12.770000457763672,14.640000343322754,162841400,0,0
2021-02-01,13.640000343322754,14.890000343322754,13.109999656677246,13.4399995803833,100216800,0,0
2021-02-02,12.449999809265137,12.5,11.520000457763672,11.720000267028809,66842200,0,0
2021-02-03,11.329999923706055,11.59000015258789,10.789999961853027,10.829999923706055,63812400,0,0
2021-02-04,10.470000267028809,10.5,10.109999656677246,10.119999885559082,81744900,0,0
2021-02-05,10.029999732971191,10.390000343322754,10.029999732971191,10.050000190734863,65274100,0,0
2021-02-08,10.0,10.220000267028809,9.970000267028809,9.979999542236328,60814200,0,0
2021-02-09,10.140000343322754,10.25,9.819999694824219,10.010000228881836,64138200,0,0
2021-02-10,9.90999984741211,10.6899995803833,9.880000114440918,10.25,127288900,0,0
2021-02-11,10.0600004196167,10.600000381469727,9.890000343322754,9.90999984741211,102418300,0,0
2021-02-12,10.039999961853027,10.09000015258789,9.369999885559082,9.420000076293945,102901700,0,0
2021-02-16,9.470000267028809,9.710000038146973,9.270000457763672,9.5600004196167,84709700,0,0
2021-02-17,9.779999732971191,10.020000457763672,9.220000267028809,9.239999771118164,104739100,0,0
2021-02-18,9.649999618530273,9.819999694824219,9.1899995803833,9.350000381469727,91042700,0,0
2021-02-19,9.180000305175781,9.239999771118164,8.65999984741211,8.8100004196167,107500200,0,0
2021-02-22,9.260000228881836,9.380000114440918,8.859999656677246,9.359999656677246,94587400,0,0
2021-02-23,9.449999809265137,10.149999618530273,8.770000457763672,8.789999961853027,165720600,0,0
2021-02-24,9.140000343322754,9.279999732971191,8.239999771118164,8.279999732971191,96039700,0,0
2021-02-25,8.529999732971191,10.600000381469727,8.329999923706055,10.229999542236328,256479800,0,0
2021-02-26,9.600000381469727,10.800000190734863,9.210000038146973,9.539999961853027,191839300,0,0
2021-03-01,8.699999809265137,8.699999809265137,8.329999923706055,8.520000457763672,78924200,0,0
2021-03-02,8.510000228881836,8.670000076293945,8.34000015258789,8.609999656677246,72011300,0,0
2021-03-03,8.510000228881836,9.170000076293945,8.399999618530273,9.15999984741211,129788100,0,0
2021-03-04,8.989999771118164,10.350000381469727,8.6899995803833,9.75,203719600,0,0
2021-03-05,9.180000305175781,10.15999984741211,8.65999984741211,8.720000267028809,165968700,0,0
2021-03-08,8.729999542236328,9.039999961853027,8.449999809265137,8.920000076293945,74525300,0,0
2021-03-09,8.5600004196167,8.630000114440918,8.25,8.399999618530273,79805600,0,0
2021-03-10,8.0600004196167,8.329999923706055,8.0600004196167,8.25,64532000,0,0
2021-03-11,8.050000190734863,8.069999694824219,7.849999904632568,7.900000095367432,57751800,0,0
2021-03-12,8.149999618530273,8.1899995803833,7.710000038146973,7.739999771118164,62128900,0,0
2021-03-15,7.670000076293945,7.760000228881836,7.010000228881836,7.059999942779541,73132400,0,0
2021-03-16,7.03000020980835,7.070000171661377,6.739999771118164,7.059999942779541,77301500,0,0
2021-03-17,7.159999847412109,7.21999979019165,6.570000171661377,6.579999923706055,80848800,0,0
2021-03-18,6.800000190734863,7.230000019073486,6.590000152587891,7.139999866485596,92998000,0,0
2021-03-19,7.059999942779541,7.349999904632568,6.670000076293945,6.71999979019165,84159700,0,0
2021-03-22,6.599999904632568,6.659999847412109,5.989999771118164,6.050000190734863,65046900,0,0
2021-03-23,6.119999885559082,6.659999847412109,6.090000152587891,6.5,75118300,0,0
2021-03-24,6.28000020980835,6.590000152587891,6.090000152587891,6.559999942779541,79175400,0,0
